Big combo: [0.057654710991540646, 0.04943852734089379, 0.0463856391881641, 0.05218503821191506, 0.045947949814800354, 0.04740256402288417]
Small combo: [0.04793912500536981, 0.049591005899412795, 0.051313712130491636, 0.056615844173955585, 0.057197399445021516, 0.04100341167725545]
Big comedy: [0.04806233990671953, 0.05527070877290968, 0.04907415798690986, 0.05783869047043829, 0.04529810475157957, 0.0495396172559587]
Small comedy: [0.05452860227062863, 0.05356977332883082, 0.04627950630865171, 0.05422828381988583, 0.06006599594584008, 0.045134323344102924]
Big horror: [0.050844058310124604, 0.04782296229373174, 0.04762367361778266, 0.04771048846044603, 0.04173796063068316, 0.0402425166947055]
Small horror: [0.041182339084837025, 0.043079681201920454, 0.03663441657348785, 0.044463590513005066, 0.056736070117043624, 0.04681111298806828]
Big thriller: [0.04863234626459812, 0.05211733076856817, 0.04523006047580678, 0.05324621183208907, 0.03454911134997201, 0.036668769820975576]
Small thriller: [0.05469071878453495, 0.05505724047087003, 0.04955862520955843, 0.04934640845353409, 0.061233722602729954, 0.047561368711359506]
Big sci-fi: [0.0490721524483513, 0.04778230018923779, 0.03658706936483126, 0.04976609675265907, 0.050056971333101496, 0.053479313373752814]
Small sci-fi: [0.0528939320826752, 0.05540758080018445, 0.05237919877402697, 0.05506932902066699, 0.0570629214302147, 0.05549726712619389]
Big drama: [0.056316660721991305, 0.05117480642648983, 0.04649043427567277, 0.04689399876865605, 0.04068068488054112, 0.039816314489788306]
Small drama: [0.04604335652567795, 0.04571079103132061, 0.04315334406614896, 0.04884370269026672, 0.053882376542024886, 0.04200873680542317]
